Samples,feature_1,feature_2,feature_3,feature_4,feature_5,feature_6,feature_7,feature_8,feature_9,feature_10,feature_11,feature_12,feature_13,feature_14,feature_15,feature_16,feature_17,feature_18,feature_19,feature_20,feature_21,feature_22,feature_23,feature_24,feature_25,feature_26,Watering_Regm
SRR5224546,0.0002884172,0.0000000000,0.3774803876,0.0453968620,0.0036917397,0.0949469312,0.0036340563,0.0272842640,0.0015574527,0.0007498846,0.0000000000,0.0030572220,0.0003461006,0.0237655745,0.0410129211,0.0229003230,0.0095754499,0.0296492847,0.0052491924,0.2101984310,0.0003461006,0.0003461006,0.0000000000,0.0000000000,0.0983502538,0.0001730503,0
SRR5224547,0.0000000000,0.0000000000,0.2495234795,0.0629007104,0.0022526425,0.1469416046,0.0010974412,0.0158840178,0.0012707214,0.0001155201,0.0015017617,0.0004043205,0.0017905620,0.0123606538,0.0262808294,0.0635938312,0.0073932883,0.0112054526,0.0042164847,0.3333333333,0.0000000000,0.0002310403,0.0030612834,0.0000000000,0.0546410212,0.0000000000,0
SRR5224548,0.0000000000,0.0000000000,0.0373199097,0.0495284383,0.0012150668,0.3331018920,0.0015043685,0.0083318868,0.0006943239,0.0000000000,0.0000000000,0.0000000000,0.0035294798,0.0037609211,0.0012150668,0.1102239195,0.0000000000,0.0027772956,0.0000000000,0.3983683388,0.0000000000,0.0000000000,0.0132500145,0.0000000000,0.0351790777,0.0000000000,0
SRR5224549,0.0004042738,0.0000000000,0.2558475310,0.1619405140,0.0025989027,0.0508229859,0.0023678891,0.0488016171,0.0021368755,0.0000000000,0.0019058620,0.0022523823,0.0011550679,0.0918856483,0.0366734046,0.0377129656,0.0118971990,0.0031764366,0.0045047647,0.2440080855,0.0009818077,0.0000000000,0.0000000000,0.0000000000,0.0377707190,0.0011550679,1
SRR5224550,0.000000e+00,0.000000e+00,1.607339e-01,3.037558e-01,1.500029e-03,1.176946e-01,1.211562e-03,3.201985e-02,6.346276e-04,2.307737e-04,1.788496e-03,1.269255e-03,1.500029e-03,2.423124e-02,2.440432e-02,2.965442e-02,6.173196e-03,4.730860e-03,4.846247e-03,2.426585e-01,1.730803e-04,5.769342e-05,0.000000e+00,0.000000e+00,4.073155e-02,0.000000e+00,1
SRR5224551,0.0000000000,0.0000000000,0.0567179665,0.5844717275,0.0002882010,0.0957403885,0.0008069629,0.0274367399,0.0010375238,0.0000000000,0.0000000000,0.0001729206,0.0016715661,0.0074932273,0.0050146983,0.0154475762,0.0001729206,0.0010375238,0.0002882010,0.1827771053,0.0000000000,0.0002305608,0.0000000000,0.0000000000,0.0191941899,0.0000000000,1
SRR5224552,0.0000000000,0.0000000000,0.3493558264,0.0624530591,0.0041596857,0.0933618349,0.0046796464,0.0344907274,0.0010976948,0.0005199607,0.0015598821,0.0028308972,0.0007510544,0.0428100988,0.0466809174,0.0470853313,0.0094170663,0.0171587036,0.0027731238,0.2223120920,0.0005199607,0.0002310937,0.0000000000,0.0000000000,0.0557513432,0.0000000000,0
SRR5224553,0.0000000000,0.0000000000,0.2489734544,0.0329651264,0.0015036724,0.1919495691,0.0021976751,0.0116823781,0.0001735007,0.0000000000,0.0004626684,0.0002313342,0.0020820080,0.0135330519,0.0321554566,0.0530333700,0.0063038575,0.0077496964,0.0050893528,0.3360129547,0.0000000000,0.0000000000,0.0026025100,0.0000000000,0.0512983633,0.0000000000,0
SRR5224556,0.0000000000,0.0000000000,0.1519381634,0.3041070605,0.0029995385,0.1442085833,0.0024803876,0.0233617905,0.0012113521,0.0002307337,0.0005191509,0.0003461006,0.0007498846,0.0251499769,0.0163244116,0.0235348408,0.0051915090,0.0042108906,0.0020189202,0.2495962160,0.0000000000,0.0001730503,0.0000000000,0.0000000000,0.0415320720,0.0001153669,1
SRR5224557,0.000000e+00,0.000000e+00,9.698649e-03,5.154717e-01,0.000000e+00,1.301813e-01,0.000000e+00,5.426625e-03,5.773005e-05,0.000000e+00,0.000000e+00,0.000000e+00,0.000000e+00,4.676134e-03,5.773005e-04,2.713313e-03,0.000000e+00,0.000000e+00,0.000000e+00,3.224224e-01,0.000000e+00,0.000000e+00,0.000000e+00,0.000000e+00,8.774968e-03,0.000000e+00,1
SRR5224559,0.0000000000,0.0000000000,0.2114539991,0.0743180767,0.0032940361,0.2115117892,0.0016759131,0.0193596856,0.0013291724,0.0001733703,0.0041030975,0.0013291724,0.0021382339,0.0314956080,0.0182038835,0.0526467869,0.0097087379,0.0139852057,0.0050855294,0.2902797041,0.0000000000,0.0001155802,0.0008090615,0.0000000000,0.0469833564,0.0000000000,0
SRR5224560,0.000000e+00,0.000000e+00,1.784683e-02,1.164953e-01,4.331755e-03,3.439991e-01,2.136999e-03,5.948943e-03,0.000000e+00,0.000000e+00,0.000000e+00,0.000000e+00,2.541296e-03,2.772323e-03,2.252512e-03,5.042162e-02,0.000000e+00,1.397713e-02,4.620538e-04,4.032575e-01,0.000000e+00,0.000000e+00,5.198106e-04,5.775673e-05,3.297909e-02,0.000000e+00,0
SRR5224561,0.0000000000,0.0000000000,0.3425573619,0.0596102848,0.0038625620,0.1359391214,0.0007494523,0.0490603021,0.0020177563,0.0001153004,0.0000000000,0.0042084630,0.0005765018,0.0166609016,0.0251354779,0.0193704600,0.0108382336,0.0217917676,0.0063991698,0.2066182405,0.0000000000,0.0001729505,0.0006918021,0.0000000000,0.0935085899,0.0001153004,0
SRR5224562,0.0000000000,0.0000000000,0.2075351950,0.1354142626,0.0020770829,0.1597622894,0.0009808447,0.0246365105,0.0001730902,0.0002884837,0.0010962382,0.0008654512,0.0000000000,0.0261366259,0.0248096007,0.0222709439,0.0066351258,0.0122894069,0.0062312486,0.3163512578,0.0003461805,0.0006346642,0.0000000000,0.0004038772,0.0510616201,0.0000000000,0
SRR5224563,0.0000000000,0.0000000000,0.0376561777,0.3199907450,0.0014460898,0.1760180472,0.0008098103,0.0293845442,0.0004049051,0.0000000000,0.0000000000,0.0000000000,0.0009833410,0.0020823693,0.0017931513,0.0799398427,0.0003470615,0.0077510412,0.0002892180,0.3251388246,0.0000000000,0.0001156872,0.0002313744,0.0000000000,0.0156177696,0.0000000000,0
SRR5224564,0.0000000000,0.0000000000,0.1351413733,0.1784189267,0.0008078477,0.1569532602,0.0010386613,0.0394114253,0.0010963647,0.0000000000,0.0008655511,0.0002308136,0.0032313907,0.0780727063,0.0212348529,0.0579919215,0.0072129256,0.0038084247,0.0045585690,0.2598961339,0.0004039238,0.0000000000,0.0000000000,0.0000000000,0.0496249279,0.0000000000,1
SRR5224565,0.0000000000,0.0000000000,0.1389209131,0.2105718238,0.0028245331,0.1175351626,0.0024210284,0.0348166936,0.0004035047,0.0000000000,0.0001729306,0.0014987318,0.0012105142,0.0255360849,0.0268042426,0.0351625548,0.0074360157,0.0069748674,0.0043232649,0.3247636615,0.0005764353,0.0000000000,0.0000000000,0.0000000000,0.0580470371,0.0000000000,1
SRR5224566,0.0000000000,0.0000000000,0.0080110656,0.4694253933,0.0006339692,0.1194743819,0.0015561063,0.0119877817,0.0005187021,0.0000000000,0.0000000000,0.0000000000,0.0008068699,0.0014984727,0.0002305343,0.0221889228,0.0000000000,0.0021324419,0.0000000000,0.3524292548,0.0000000000,0.0000000000,0.0000000000,0.0000000000,0.0091061034,0.0000000000,1
SRR5224567,0.0000000000,0.0000000000,0.3245502768,0.0590982472,0.0025369004,0.1313422509,0.0043819188,0.0186808118,0.0019603321,0.0000000000,0.0016720480,0.0027098708,0.0032864391,0.0114160517,0.0611162362,0.0492965867,0.0093980627,0.0171240775,0.0118773063,0.2088330258,0.0003459410,0.0002882841,0.0006918819,0.0000000000,0.0793934502,0.0000000000,0
SRR5224569,0.0000000000,0.0000000000,0.0313635053,0.0607667916,0.0000000000,0.4379360046,0.0029403286,0.0031132891,0.0015566446,0.0000000000,0.0010377630,0.0000000000,0.0032285961,0.0028250216,0.0000000000,0.0418564428,0.0000000000,0.0016719516,0.0006341885,0.3433266071,0.0000000000,0.0000000000,0.0245603920,0.0000000000,0.0431824733,0.0000000000,0
SRR5224570,0.0000000000,0.0000000000,0.1751327638,0.1461556223,0.0002308936,0.0867582544,0.0031747864,0.0329600554,0.0012699146,0.0000000000,0.0000000000,0.0012121912,0.0028861695,0.2042830755,0.0301316093,0.0321519280,0.0074463172,0.0020780420,0.0048487647,0.2288155160,0.0004040637,0.0000000000,0.0000000000,0.0000000000,0.0396559686,0.0004040637,1
SRR5224571,0.000000e+00,0.000000e+00,1.456076e-01,4.184344e-01,4.611483e-04,9.995389e-02,9.799401e-04,2.000231e-02,5.187918e-04,5.764353e-05,3.458612e-04,8.646530e-04,8.646530e-04,1.665898e-02,1.383445e-02,2.530551e-02,5.476136e-03,3.400968e-03,2.075167e-03,2.075744e-01,5.764353e-05,0.000000e+00,0.000000e+00,0.000000e+00,3.752594e-02,0.000000e+00,1
SRR5224572,0.0000000000,0.0000000000,0.0423606709,0.6549478416,0.0000000000,0.0429946401,0.0002881678,0.0040343496,0.0000000000,0.0000000000,0.0000000000,0.0000000000,0.0003458014,0.0061667915,0.0075499971,0.0186156417,0.0005187021,0.0013832056,0.0009797706,0.2089216760,0.0000000000,0.0000000000,0.0000000000,0.0000000000,0.0108927439,0.0000000000,1
SRR5224574,0.0000000000,0.0000000000,0.1198361412,0.1383567967,0.0008077544,0.2557696746,0.0009231479,0.0128663743,0.0008077544,0.0001153935,0.0028848373,0.0010385414,0.0001730902,0.0265405031,0.0180013847,0.0279829218,0.0073274867,0.0053657974,0.0046734364,0.3484883453,0.0000000000,0.0004038772,0.0004038772,0.0000000000,0.0272328641,0.0000000000,0
SRR5224575,0.0000000000,0.0000000000,0.0134963664,0.1518629600,0.0006344446,0.2621986388,0.0033452532,0.0013842427,0.0002883839,0.0000000000,0.0000000000,0.0000000000,0.0004037375,0.0015572730,0.0000000000,0.0618871842,0.0002883839,0.0003460607,0.0001730303,0.4845426231,0.0000000000,0.0000000000,0.0024224247,0.0000000000,0.0151689930,0.0000000000,0
SRR5224577,0.000000e+00,0.000000e+00,1.726465e-01,1.893170e-01,2.307337e-03,1.108099e-01,8.075681e-04,2.820720e-02,1.557453e-03,5.768343e-05,2.076604e-03,1.672820e-03,6.922012e-04,3.311029e-02,3.443701e-02,2.318874e-02,1.436317e-02,7.498846e-03,4.845408e-03,3.028957e-01,1.730503e-04,4.614675e-04,0.000000e+00,1.730503e-04,6.870097e-02,0.000000e+00,1
SRR5224578,0.0000000000,0.0000000000,0.0100934364,0.3402929980,0.0004037375,0.2044065059,0.0004037375,0.0028261622,0.0000000000,0.0000000000,0.0000000000,0.0000000000,0.0004614142,0.0036336371,0.0011535356,0.0246856616,0.0000000000,0.0015572730,0.0002307071,0.4021801823,0.0000000000,0.0000000000,0.0000000000,0.0000000000,0.0076710117,0.0000000000,1
SRR5224579,0.000000e+00,0.000000e+00,1.287249e-01,1.328829e-01,3.984754e-03,1.746939e-01,2.656503e-03,6.381381e-02,1.386001e-03,2.310002e-03,1.617002e-03,8.662509e-04,1.848002e-03,4.394779e-02,4.568030e-02,4.648880e-02,3.349503e-03,8.142758e-03,3.349503e-03,2.789905e-01,0.000000e+00,1.155001e-04,5.775006e-05,0.000000e+00,5.486255e-02,2.310002e-04,0
SRR5224580,0.0000000000,0.0000000000,0.1932991177,0.0914595467,0.0013840032,0.1272706303,0.0012110028,0.0300444034,0.0005766680,0.0000000000,0.0093996886,0.0014416700,0.0001153336,0.0851161986,0.0278530650,0.0222017185,0.0050746785,0.0095150222,0.0049016781,0.3395997924,0.0001730004,0.0000576668,0.0000000000,0.0000000000,0.0493051150,0.0000000000,0
SRR5224582,0.0002885004,0.0000000000,0.2306271998,0.1174196526,0.0042698056,0.0927240205,0.0028273037,0.0405054527,0.0008655011,0.0002885004,0.0001154002,0.0010963014,0.0025388033,0.0592002770,0.0337545439,0.0377358491,0.0133287173,0.0014425019,0.0060585079,0.2902313773,0.0006347008,0.0000000000,0.0000000000,0.0000000000,0.0638162830,0.0002308003,1
SRR5224584,0.000000e+00,0.000000e+00,5.706381e-03,1.744193e-01,6.916825e-04,1.061156e-01,0.000000e+00,8.646031e-04,0.000000e+00,0.000000e+00,5.764021e-05,0.000000e+00,2.882010e-04,2.824370e-03,0.000000e+00,8.069629e-03,0.000000e+00,1.152804e-04,0.000000e+00,6.941610e-01,0.000000e+00,0.000000e+00,0.000000e+00,0.000000e+00,6.686264e-03,0.000000e+00,1
SRR5224585,0.0000000000,0.0000000000,0.0963395594,0.1084253744,0.0077488001,0.2168507489,0.0023709015,0.0272364541,0.0012143642,0.0000000000,0.0000000000,0.0004047881,0.0034696120,0.0360261377,0.0264847048,0.0378765975,0.0016191523,0.0097149135,0.0039900538,0.3636153357,0.0000000000,0.0001156537,0.0000000000,0.0000000000,0.0564968484,0.0000000000,0
SRR5224587,0.0000000000,0.0000000000,0.0512051666,0.2497981778,0.0005189713,0.2646176912,0.0023065390,0.0071502710,0.0002306539,0.0000000000,0.0000000000,0.0004613078,0.0001153270,0.0204128705,0.0043824242,0.0321762196,0.0000000000,0.0042670972,0.0006342982,0.3383692769,0.0000000000,0.0001729904,0.0004036443,0.0000000000,0.0227770730,0.0000000000,0
SRR5224588,0.0000000000,0.0000000000,0.3940477564,0.0535817280,0.0002883839,0.0772292075,0.0029415157,0.0499480909,0.0010381820,0.0001153536,0.0002883839,0.0017303034,0.0000000000,0.0166109124,0.0415849579,0.0212250548,0.0048448495,0.0275695005,0.0073826278,0.2297842888,0.0003460607,0.0000000000,0.0000000000,0.0000000000,0.0690967816,0.0003460607,0
SRR5224590,0.0000000000,0.0000000000,0.0669477819,0.1824168207,0.0032347505,0.2503465804,0.0010975046,0.0120725508,0.0044477819,0.0000000000,0.0007509242,0.0002888170,0.0005198706,0.0049098891,0.0077402957,0.0657925139,0.0000000000,0.0172712569,0.0020217190,0.3471002773,0.0000000000,0.0006931608,0.0000000000,0.0002888170,0.0320586876,0.0000000000,0
SRR5224591,0.0003465804,0.0000000000,0.1526686691,0.2000924214,0.0009242144,0.0994108133,0.0019061922,0.0452865065,0.0022527726,0.0000000000,0.0018484288,0.0016173752,0.0044477819,0.1099815157,0.0232786506,0.0394524030,0.0103974122,0.0016173752,0.0039279113,0.2532347505,0.0009242144,0.0001155268,0.0000000000,0.0000000000,0.0459796673,0.0002888170,1
SRR5224592,2.308269e-04,0.000000e+00,2.217093e-01,1.609441e-01,3.750938e-03,6.924808e-02,1.442668e-03,3.647066e-02,9.810145e-04,5.770673e-05,4.789659e-03,2.943043e-03,1.558082e-03,6.474696e-02,4.581915e-02,3.514340e-02,8.136650e-03,9.694731e-03,5.828380e-03,2.580645e-01,8.078943e-04,6.347741e-04,0.000000e+00,0.000000e+00,6.670898e-02,2.885337e-04,1
SRR5224593,0.0000000000,0.0000000000,0.0350937951,0.3864935065,0.0004040404,0.2003463203,0.0009235209,0.0082539683,0.0054834055,0.0000000000,0.0004040404,0.0002308802,0.0024242424,0.0047330447,0.0027705628,0.0648196248,0.0002308802,0.0068109668,0.0003463203,0.2591630592,0.0000000000,0.0004040404,0.0000000000,0.0000000000,0.0206637807,0.0000000000,1
SRR5224594,1.153602e-04,0.000000e+00,2.523505e-01,1.801350e-01,2.307204e-04,8.346311e-02,2.307204e-04,2.486013e-02,8.652016e-04,1.153602e-04,7.498414e-04,1.153602e-03,1.845763e-03,6.529388e-02,5.583434e-02,2.341812e-02,3.403126e-03,7.671454e-03,4.152968e-03,2.507354e-01,5.768011e-04,5.768011e-05,0.000000e+00,0.000000e+00,4.245256e-02,2.884005e-04,0
SRR5224595,0.0000000000,0.0000000000,0.3039718683,0.2260333199,0.0000000000,0.1303395400,0.0000000000,0.0325704733,0.0001729406,0.0000000000,0.0000000000,0.0004035280,0.0000000000,0.0159681789,0.0172940566,0.0064564478,0.0040929267,0.0041505736,0.0063988009,0.2301838935,0.0000000000,0.0000000000,0.0000000000,0.0000000000,0.0219634519,0.0000000000,0
SRR5224596,0.0000000000,0.0000000000,0.1239698000,0.3637254337,0.0000000000,0.1407411677,0.0000000000,0.0289896836,0.0009221371,0.0000000000,0.0006339692,0.0000000000,0.0004034350,0.0064549594,0.0034580139,0.0095095384,0.0004034350,0.0010950377,0.0010950377,0.3130655294,0.0000000000,0.0000000000,0.0000000000,0.0000000000,0.0055328223,0.0000000000,0
SRR5224597,0.0002306539,0.0000000000,0.1637642717,0.2024564641,0.0001153270,0.0620459001,0.0017875678,0.0927805328,0.0007496252,0.0000000000,0.0009226156,0.0005766348,0.0005189713,0.1005074386,0.0217391304,0.0175296967,0.0047284050,0.0006342982,0.0023642025,0.3114404336,0.0003459809,0.0000000000,0.0000000000,0.0000000000,0.0135509168,0.0012109330,1
SRR5224598,0.0001152804,0.0000000000,0.1385670644,0.1203527581,0.0005764021,0.2702749438,0.0022479682,0.0173497032,0.0004611217,0.0000000000,0.0010375238,0.0015562857,0.0010951640,0.0185025073,0.0242665283,0.0231137241,0.0050146983,0.0048994178,0.0013257248,0.3284339155,0.0000000000,0.0000000000,0.0000000000,0.0000000000,0.0408092685,0.0000000000,1
SRR5224600,0.0000000000,0.0000000000,0.3117677613,0.0744502799,0.0024239626,0.0734691522,0.0029433832,0.0454781555,0.0013274081,0.0014428349,0.0000000000,0.0026548162,0.0021931090,0.0574248283,0.0434581866,0.0322617880,0.0083684423,0.0194494142,0.0072141744,0.2425116870,0.0017891153,0.0004039938,0.0000000000,0.0000000000,0.0684480868,0.0005194206,0
SRR5224602,0.0000000000,0.0000000000,0.0508562833,0.1145568156,0.0023142791,0.3139898172,0.0017935663,0.0122078223,0.0034714187,0.0000000000,0.0007521407,0.0001735709,0.0046864152,0.0021407082,0.0000000000,0.0773547790,0.0000000000,0.0082156908,0.0000000000,0.3444225874,0.0000000000,0.0001735709,0.0070585513,0.0000000000,0.0558319833,0.0000000000,0
SRR5224604,0.0000000000,0.0000000000,0.0273759437,0.3644170365,0.0004034350,0.1909400035,0.0008068699,0.0070312950,0.0035732811,0.0000000000,0.0000000000,0.0001152671,0.0021900755,0.0035156475,0.0037461818,0.0412656331,0.0006339692,0.0027664112,0.0000000000,0.3319117054,0.0000000000,0.0000000000,0.0000000000,0.0000000000,0.0193072445,0.0000000000,1
SRR5224605,5.769009e-05,0.000000e+00,1.287066e-01,1.595708e-01,1.038422e-03,1.401292e-01,4.442137e-03,3.778701e-02,3.288335e-03,0.000000e+00,5.769009e-05,2.307604e-04,2.082612e-02,7.528557e-02,2.728741e-02,3.051806e-02,7.961232e-03,5.076728e-03,7.499712e-03,3.070267e-01,2.884504e-04,0.000000e+00,5.769009e-04,2.307604e-04,4.159455e-02,5.192108e-04,0
SRR5224606,0.0000000000,0.0000000000,0.1343438419,0.2528384531,0.0013255720,0.1769350470,0.0001152671,0.0146389257,0.0009221371,0.0000000000,0.0000000000,0.0008645035,0.0000000000,0.0313526598,0.0182122068,0.0186732753,0.0035156475,0.0065702265,0.0030545790,0.3105296525,0.0000000000,0.0002881678,0.0000000000,0.0000000000,0.0258198375,0.0000000000,0
SRR5224607,0.0000000000,0.0000000000,0.0264037819,0.3214573965,0.0004612014,0.1952611553,0.0005765018,0.0065144702,0.0001153004,0.0000000000,0.0000000000,0.0000000000,0.0000000000,0.0030554595,0.0001729505,0.0288827395,0.0000000000,0.0011530036,0.0001153004,0.4071832123,0.0000000000,0.0000000000,0.0000000000,0.0000000000,0.0086475268,0.0000000000,0
SRR5224608,0.0001153602,0.0000000000,0.1881525062,0.2075907020,0.0000000000,0.0595258695,0.0002884005,0.0853665571,0.0030570456,0.0000000000,0.0052488897,0.0006344812,0.0047874488,0.0595835496,0.0293014939,0.0133241045,0.0145930669,0.0007498414,0.0041529676,0.3035127185,0.0008652016,0.0000000000,0.0000000000,0.0000000000,0.0182269135,0.0009228817,1
SRR5224609,0.0000000000,0.0000000000,0.1817552363,0.1995845595,0.0023657031,0.0933587214,0.0015002020,0.0345046449,0.0008655011,0.0000000000,0.0019618026,0.0008655011,0.0014425019,0.0671628873,0.0259650338,0.0242917316,0.0065778086,0.0047891062,0.0028273037,0.2873463736,0.0006347008,0.0010386014,0.0000000000,0.0000000000,0.0611620795,0.0000000000,1
SRR5224610,0.0000000000,0.0000000000,0.0044377846,0.2160682381,0.0000000000,0.1576854360,0.0002881678,0.0048412195,0.0000000000,0.0000000000,0.0000000000,0.0000000000,0.0005187021,0.0039767160,0.0004034350,0.0197106795,0.0000000000,0.0005763357,0.0000000000,0.5850959599,0.0000000000,0.0000000000,0.0000000000,0.0000000000,0.0063973258,0.0000000000,1
SRR5224611,0.0000000000,0.0000000000,0.3092848904,0.0754325260,0.0032871972,0.1160322953,0.0057670127,0.0329296424,0.0014417532,0.0010380623,0.0005190311,0.0025374856,0.0019031142,0.0423875433,0.0312572088,0.0233564014,0.0079584775,0.0182814302,0.0037485582,0.2414071511,0.0001153403,0.0000000000,0.0000000000,0.0000000000,0.0803344867,0.0009803922,0
SRR5224614,0.0000000000,0.0000000000,0.2142857143,0.1099699977,0.0060581583,0.1292984076,0.0043272559,0.0467343642,0.0020193861,0.0000000000,0.0000000000,0.0017885991,0.0028848373,0.0495615047,0.0458689130,0.0266558966,0.0152896377,0.0040964690,0.0075582737,0.2346526656,0.0002307870,0.0000000000,0.0000000000,0.0000000000,0.0984306485,0.0002884837,1
SRR5224615,0.0000000000,0.0000000000,0.2342830776,0.2249394394,0.0013842427,0.1047410313,0.0014419195,0.0359903103,0.0008074749,0.0001153536,0.0008651517,0.0017303034,0.0013842427,0.0264736417,0.0258968739,0.0251470758,0.0042680817,0.0065751528,0.0036913139,0.2527973238,0.0000000000,0.0001730303,0.0000000000,0.0000000000,0.0468335448,0.0004614142,1
SRR5224616,0.0000000000,0.0000000000,0.0890067447,0.4845794662,0.0007494091,0.0576468554,0.0012105840,0.0143540670,0.0010952903,0.0000000000,0.0001152937,0.0001729406,0.0012105840,0.0085893814,0.0176975846,0.0421398513,0.0004611748,0.0045541016,0.0013835245,0.2501873523,0.0000000000,0.0001152937,0.0000000000,0.0000000000,0.0246152072,0.0001152937,1
SRR5224617,0.0001153403,0.0000000000,0.2495963091,0.0956170704,0.0031141869,0.1550749712,0.0011534025,0.0585928489,0.0017301038,0.0013840830,0.0017301038,0.0025951557,0.0016147636,0.0671280277,0.0362745098,0.0433679354,0.0058823529,0.0044405998,0.0017877739,0.2091118800,0.0007497116,0.0002306805,0.0000000000,0.0000000000,0.0587081892,0.0000000000,0
SRR5224619,0.000000e+00,0.000000e+00,2.524990e-02,1.825851e-01,9.822615e-04,2.631305e-01,2.080083e-03,1.213382e-02,1.386722e-03,5.778009e-05,2.311204e-04,0.000000e+00,2.137863e-03,2.195643e-03,2.368984e-03,1.453747e-01,0.000000e+00,1.617842e-03,4.622407e-04,3.280176e-01,0.000000e+00,0.000000e+00,3.235685e-03,0.000000e+00,2.675218e-02,0.000000e+00,0
SRR5224620,0.0001154468,0.0000000000,0.2200992842,0.1809051027,0.0014430847,0.1255483722,0.0019048719,0.0393096283,0.0003463403,0.0000000000,0.0105633803,0.0012699146,0.0013853613,0.0461787116,0.0237243131,0.0233202494,0.0062918495,0.0131609328,0.0042715308,0.2569268067,0.0010390210,0.0001154468,0.0000000000,0.0000000000,0.0417340106,0.0003463403,1
SRR5224623,0.0000000000,0.0000000000,0.3019336219,0.0626262626,0.0016161616,0.1211544012,0.0027705628,0.0203174603,0.0013275613,0.0001731602,0.0039826840,0.0010966811,0.0016161616,0.0238383838,0.0307647908,0.0589898990,0.0045598846,0.0208369408,0.0060028860,0.2698412698,0.0001731602,0.0001731602,0.0033477633,0.0000000000,0.0628571429,0.0000000000,0
SRR5224624,0.0000000000,0.0000000000,0.0968133010,0.0891929338,0.0008082208,0.3015818035,0.0016741716,0.0105068699,0.0019628218,0.0000000000,0.0000000000,0.0001731902,0.0036947235,0.0445676019,0.0027710426,0.0900588847,0.0000000000,0.0069853366,0.0007504907,0.2640572682,0.0000000000,0.0000000000,0.0154139245,0.0001154601,0.0688719547,0.0000000000,0
SRR5224625,0.000000e+00,0.000000e+00,2.006465e-01,1.012468e-01,1.673978e-03,1.418264e-01,2.712999e-03,4.952667e-02,9.235742e-04,5.772339e-05,2.308936e-04,1.327638e-03,2.424382e-03,5.206650e-02,4.404295e-02,4.132995e-02,1.622027e-02,1.500808e-02,9.235742e-03,2.658739e-01,3.463403e-04,0.000000e+00,0.000000e+00,0.000000e+00,5.322097e-02,5.772339e-05,1
SRR5224626,0.0000000000,0.0000000000,0.0895617070,0.2027681661,0.0007497116,0.1099192618,0.0002883506,0.0114186851,0.0000000000,0.0000000000,0.0002883506,0.0001730104,0.0005190311,0.1170126874,0.0090542099,0.0116493656,0.0018454441,0.0002306805,0.0009803922,0.4212226067,0.0000000000,0.0000000000,0.0000000000,0.0000000000,0.0223183391,0.0000000000,1
SRR5224627,0.000000000,0.000000000,0.007839520,0.054991930,0.000000000,0.046172469,0.000000000,0.001614019,0.000000000,0.000000000,0.000000000,0.000000000,0.000000000,0.037122435,0.000000000,0.001844593,0.000000000,0.000000000,0.000000000,0.848512797,0.000000000,0.000000000,0.000000000,0.000000000,0.001902237,0.000000000,1
SRR5224628,0.000000e+00,0.000000e+00,1.596765e-01,1.326401e-01,2.310803e-04,1.685731e-01,1.964183e-03,2.281918e-02,2.657423e-03,5.777008e-05,5.719237e-03,7.510110e-04,9.820913e-04,6.129405e-02,2.576545e-02,3.061814e-02,3.292894e-03,6.759099e-03,1.559792e-03,3.298094e-01,1.733102e-04,0.000000e+00,0.000000e+00,0.000000e+00,4.465627e-02,0.000000e+00,0
SRR5224629,0.000000e+00,0.000000e+00,1.412022e-01,1.554954e-01,1.729007e-03,1.687511e-01,3.458014e-04,1.048931e-02,1.729007e-04,0.000000e+00,0.000000e+00,6.916028e-04,1.152671e-04,3.164083e-02,1.590686e-02,1.400496e-02,1.037404e-03,4.437785e-03,2.651144e-03,4.265460e-01,5.763357e-05,5.763357e-05,0.000000e+00,0.000000e+00,2.466717e-02,0.000000e+00,0
SRR5224630,0.000000e+00,0.000000e+00,3.852809e-02,1.576306e-01,1.211212e-03,1.785096e-01,8.074749e-04,2.710809e-03,2.307071e-04,0.000000e+00,1.153536e-04,5.767678e-05,5.767678e-05,2.076364e-03,1.211212e-03,3.276041e-02,5.767678e-05,2.191718e-03,4.614142e-04,5.662129e-01,0.000000e+00,0.000000e+00,0.000000e+00,0.000000e+00,1.516899e-02,0.000000e+00,0
SRR5224631,1.154668e-04,0.000000e+00,2.416142e-01,2.219849e-01,1.096934e-03,5.588592e-02,1.616535e-03,5.097858e-02,1.674268e-03,0.000000e+00,8.660008e-04,2.655736e-03,2.771203e-03,4.087524e-02,3.065643e-02,2.794296e-02,1.091161e-02,4.445471e-03,4.387737e-03,2.468102e-01,6.350673e-04,4.041337e-04,0.000000e+00,5.773339e-05,5.109405e-02,5.196005e-04,1
SRR5224632,0.000000e+00,0.000000e+00,1.060065e-01,2.453309e-01,1.441088e-03,1.291792e-01,2.305741e-04,1.763892e-02,8.070095e-04,0.000000e+00,1.210514e-03,5.764353e-04,1.441088e-03,5.395435e-02,1.279686e-02,1.735070e-02,2.824533e-03,9.222965e-03,1.729306e-03,3.628084e-01,0.000000e+00,5.764353e-05,0.000000e+00,0.000000e+00,3.527784e-02,1.152871e-04,1
SRR5224633,0.0000000000,0.0000000000,0.0318019162,0.2566085652,0.0016737851,0.1949093847,0.0017892185,0.0057139559,0.0013852014,0.0000000000,0.0002885836,0.0000000000,0.0029435530,0.0062334064,0.0036938705,0.0576012929,0.0000000000,0.0036361538,0.0006348840,0.3996306130,0.0000000000,0.0003463004,0.0000000000,0.0000000000,0.0311093155,0.0000000000,1
SRR5224634,0.000000e+00,0.000000e+00,1.914709e-01,2.284610e-01,2.308269e-04,3.439321e-02,1.731202e-03,7.294131e-02,1.500375e-03,0.000000e+00,9.233078e-04,2.308269e-03,5.193606e-04,8.886837e-02,3.641295e-02,2.169773e-02,9.521611e-03,0.000000e+00,2.827630e-03,2.791275e-01,1.038721e-03,5.770673e-05,0.000000e+00,0.000000e+00,2.527555e-02,6.924808e-04,1
SRR5224635,0.0001729206,0.0000000000,0.1946509885,0.1370684189,0.0004034815,0.1555709263,0.0024208888,0.0353334486,0.0002882010,0.0000000000,0.0009222434,0.0003458413,0.0016139259,0.0403481469,0.0314715546,0.0522796703,0.0074932273,0.0066862643,0.0041500951,0.2774799700,0.0000000000,0.0000000000,0.0000000000,0.0000000000,0.0512997867,0.0000000000,1
SRR5224636,0.000000e+00,0.000000e+00,5.627706e-02,3.269841e-01,2.308802e-04,2.436364e-01,4.617605e-04,4.375180e-02,9.235209e-04,0.000000e+00,0.000000e+00,5.772006e-05,6.349206e-04,1.500722e-03,2.943723e-03,1.720058e-02,0.000000e+00,2.424242e-03,5.194805e-04,2.845599e-01,0.000000e+00,0.000000e+00,0.000000e+00,0.000000e+00,1.789322e-02,0.000000e+00,1
SRR5224637,0.0000000000,0.0000000000,0.2890850352,0.0925349025,0.0024229837,0.1156109380,0.0009230414,0.0197877005,0.0010384216,0.0002307604,0.0153455636,0.0010961117,0.0022499135,0.0661128418,0.0305757471,0.0405561325,0.0054228684,0.0043844468,0.0024229837,0.2705665167,0.0002884504,0.0000000000,0.0027114342,0.0000000000,0.0366332064,0.0000000000,0
SRR5224638,0.0000000000,0.0000000000,0.0313023390,0.1185099625,0.0016170950,0.3315622293,0.0013860814,0.0072769275,0.0001732602,0.0000000000,0.0008663009,0.0000000000,0.0082009818,0.0023678891,0.0014438348,0.1579555299,0.0000000000,0.0015015882,0.0000000000,0.2844354606,0.0000000000,0.0000000000,0.0250072192,0.0000000000,0.0263933006,0.0000000000,0
SRR5224639,0.0005193007,0.0000000000,0.1148808493,0.2405516127,0.0007501010,0.0765679995,0.0027696036,0.0541803704,0.0034620045,0.0000000000,0.0010386014,0.0001731002,0.0039813052,0.1298828688,0.0319081415,0.0349085454,0.0111361145,0.0013848018,0.0036351047,0.2700940511,0.0005193007,0.0000000000,0.0000000000,0.0000000000,0.0174254227,0.0002308003,1
SRR5224640,0.0000000000,0.0000000000,0.2899671148,0.1138291121,0.0023077367,0.1081174638,0.0011538683,0.0560780015,0.0005769342,0.0000000000,0.0156349161,0.0013269486,0.0023077367,0.0392315237,0.0308082848,0.0380776553,0.0156349161,0.0066347430,0.0050770207,0.2236196850,0.0002307737,0.0000000000,0.0000000000,0.0000000000,0.0493855651,0.0000000000,1
SRR5224642,0.0000000000,0.0000000000,0.1568785661,0.1544003227,0.0002305343,0.1572820010,0.0010374042,0.0216125872,0.0004034350,0.0000000000,0.0026511440,0.0004034350,0.0034580139,0.0435133422,0.0462797533,0.0531381477,0.0043225174,0.0036309146,0.0052446545,0.3085124777,0.0000000000,0.0000000000,0.0000000000,0.0004610685,0.0365396807,0.0000000000,0
SRR5224643,0.000000e+00,0.000000e+00,2.936664e-01,8.975542e-02,2.134287e-03,9.667743e-02,1.269036e-03,3.103369e-02,8.652515e-04,0.000000e+00,6.345178e-03,5.191509e-04,9.229349e-04,5.531841e-02,3.114905e-02,3.622520e-02,5.883710e-03,6.806645e-03,4.037840e-03,2.731887e-01,0.000000e+00,5.768343e-05,1.788186e-03,0.000000e+00,6.235579e-02,0.000000e+00,0
SRR5224644,0.000000e+00,0.000000e+00,9.832467e-02,1.262854e-01,1.502022e-03,2.534951e-01,3.292894e-03,9.763143e-03,0.000000e+00,0.000000e+00,1.155402e-03,0.000000e+00,6.932409e-04,7.798960e-03,2.715194e-03,5.089544e-02,1.039861e-03,3.755055e-03,1.444252e-03,3.485269e-01,0.000000e+00,5.777008e-05,2.195263e-02,0.000000e+00,6.730214e-02,0.000000e+00,0
SRR5224645,0.0000000000,0.0000000000,0.1542147806,0.1130484988,0.0008660508,0.1461316397,0.0017898383,0.0290993072,0.0011547344,0.0001154734,0.0006928406,0.0001732102,0.0023094688,0.1194572748,0.0192263279,0.0693995381,0.0061200924,0.0017321016,0.0062933025,0.2837759815,0.0000000000,0.0004041570,0.0000000000,0.0000000000,0.0437644342,0.0002309469,1
SRR5224646,0.000000e+00,0.000000e+00,1.411751e-01,2.234792e-01,3.232137e-03,1.359229e-01,2.366386e-03,3.370657e-02,7.503174e-04,5.771673e-05,0.000000e+00,9.811843e-04,1.673785e-03,3.636154e-02,1.939282e-02,3.976682e-02,3.982454e-03,2.193236e-03,1.096618e-03,3.177883e-01,1.731502e-04,0.000000e+00,0.000000e+00,0.000000e+00,3.584209e-02,5.771673e-05,1
SRR5224647,0.000000e+00,0.000000e+00,3.350055e-02,3.422707e-01,1.383844e-03,2.061927e-01,1.037883e-03,9.513925e-03,5.766015e-04,2.306406e-04,0.000000e+00,0.000000e+00,1.499164e-03,7.034538e-03,2.710027e-03,1.602952e-02,4.036211e-04,5.766015e-05,2.883008e-04,3.586461e-01,0.000000e+00,0.000000e+00,0.000000e+00,0.000000e+00,1.862423e-02,0.000000e+00,1
SRR5224648,0.0000000000,0.0000000000,0.1397347174,0.1724336794,0.0005190311,0.0664359862,0.0036332180,0.0213379469,0.0005767013,0.0003460208,0.0009227220,0.0008073818,0.0028258362,0.2309111880,0.0445790081,0.0211649366,0.0114763552,0.0066897347,0.0029411765,0.2396193772,0.0000000000,0.0002883506,0.0000000000,0.0006343714,0.0321222607,0.0000000000,0
SRR5224649,0.0000000000,0.0000000000,0.2446047317,0.0520484709,0.0042123485,0.2229659550,0.0002885170,0.0117137911,0.0001731102,0.0004039238,0.0047893826,0.0008655511,0.0002885170,0.0392960185,0.0250432776,0.0442008078,0.0024235430,0.0102135026,0.0025389498,0.2990190421,0.0001154068,0.0000000000,0.0000000000,0.0000000000,0.0347951529,0.0000000000,0
SRR5224650,0.000000000,0.000000000,0.010226485,0.089207303,0.003119945,0.293737000,0.004044373,0.002599954,0.000000000,0.000000000,0.000000000,0.000000000,0.000000000,0.002542177,0.000000000,0.131326554,0.000000000,0.000462214,0.000000000,0.446094292,0.000000000,0.000000000,0.000000000,0.000000000,0.016639704,0.000000000,0
SRR5224652,0.0000000000,0.0000000000,0.2302000231,0.0977569661,0.0010405827,0.1243496358,0.0000000000,0.0387328015,0.0005202914,0.0000000000,0.0307550006,0.0000000000,0.0015030639,0.0411608278,0.0206960342,0.0244536941,0.0110995491,0.0067059776,0.0003468609,0.2816510579,0.0000000000,0.0000000000,0.0000000000,0.0000000000,0.0890276333,0.0000000000,1
SRR5224654,0.0000000000,0.0000000000,0.1363033831,0.1455823872,0.0000000000,0.0600541756,0.0019595412,0.0174629704,0.0002881678,0.0010374042,0.0000000000,0.0000000000,0.0021324419,0.2506483776,0.0411503660,0.0384992219,0.0009221371,0.0085874013,0.0021900755,0.2636159299,0.0000000000,0.0000000000,0.0014984727,0.0000000000,0.0280675465,0.0000000000,0
SRR5224655,0.0000000000,0.0000000000,0.2561630391,0.0314646960,0.0032908031,0.2500433000,0.0003464003,0.0188210842,0.0010969344,0.0000000000,0.0029444027,0.0012124011,0.0000000000,0.0583684545,0.0174354829,0.0397783038,0.0039836037,0.0196293517,0.0009814676,0.2507361007,0.0000000000,0.0001732002,0.0000000000,0.0000000000,0.0435309740,0.0000000000,0
SRR5224656,0.0000000000,0.0000000000,0.0146268139,0.1052205585,0.0031219287,0.2409666416,0.0008093889,0.0037578771,0.0026016072,0.0000000000,0.0000000000,0.0000000000,0.0000000000,0.0008672024,0.0009250159,0.1204833208,0.0000000000,0.0027172342,0.0000000000,0.4753425449,0.0000000000,0.0000000000,0.0023125397,0.0000000000,0.0262473261,0.0000000000,0
SRR5224657,0.0000000000,0.0000000000,0.1548573076,0.1504179879,0.0000000000,0.1006053618,0.0000000000,0.0411069472,0.0001153070,0.0000000000,0.0017296051,0.0002882675,0.0013260306,0.1539348515,0.0154511387,0.0400691842,0.0092822139,0.0033439031,0.0065148458,0.2612280196,0.0009801095,0.0000000000,0.0000000000,0.0000000000,0.0587489190,0.0000000000,1
SRR5224658,0.0000000000,0.0000000000,0.2150481796,0.1071490393,0.0008078011,0.1245744619,0.0006347008,0.0310426404,0.0000000000,0.0000000000,0.0079049103,0.0001731002,0.0009809013,0.0744330968,0.0244648318,0.0300617391,0.0087127113,0.0084242110,0.0029427038,0.2865962726,0.0000000000,0.0000000000,0.0000000000,0.0000000000,0.0760486989,0.0000000000,1
SRR5224661,0.0000000000,0.0000000000,0.3780663781,0.0315151515,0.0000000000,0.1107647908,0.0000000000,0.0054256854,0.0009235209,0.0000000000,0.0052525253,0.0000000000,0.0000000000,0.1106493506,0.0158730159,0.0539105339,0.0136219336,0.0047907648,0.0050793651,0.2254545455,0.0000000000,0.0000000000,0.0077922078,0.0000000000,0.0308802309,0.0000000000,0
SRR5224665,0.0000000000,0.0000000000,0.0145002889,0.5244945118,0.0006354708,0.1499711150,0.0000000000,0.0105141537,0.0000000000,0.0000000000,0.0000000000,0.0000000000,0.0005777008,0.0071057192,0.0016753322,0.0213749278,0.0000000000,0.0007510110,0.0000000000,0.2528018486,0.0000000000,0.0000000000,0.0000000000,0.0000000000,0.0155979203,0.0000000000,1
SRR5224666,0.0000000000,0.0000000000,0.2176470588,0.1052479815,0.0004613610,0.0500576701,0.0047866205,0.0276239908,0.0000000000,0.0000000000,0.0023068051,0.0008073818,0.0000000000,0.1790657439,0.0455017301,0.0237024221,0.0081891580,0.0095155709,0.0000000000,0.2856978085,0.0005190311,0.0009803922,0.0000000000,0.0004036909,0.0374855825,0.0000000000,0
SRR5224669,0.0000000000,0.0000000000,0.1359575817,0.1483487983,0.0003458014,0.0938274451,0.0000000000,0.0236297620,0.0004610685,0.0000000000,0.0064549594,0.0006916028,0.0013832056,0.2471327301,0.0159068642,0.0208633508,0.0029969454,0.0024782433,0.0000000000,0.2787735577,0.0000000000,0.0002881678,0.0000000000,0.0000000000,0.0204599159,0.0000000000,1
SRR5224670,0.0000000000,0.0000000000,0.0357904444,0.2694369201,0.0004610685,0.1388392600,0.0008068699,0.0096248055,0.0009797706,0.0000000000,0.0000000000,0.0001152671,0.0004034350,0.0801106564,0.0070312950,0.0076652642,0.0044954181,0.0021324419,0.0008645035,0.4247017463,0.0000000000,0.0000000000,0.0000000000,0.0000000000,0.0165408334,0.0000000000,1
SRR5224671,0.0000000000,0.0000000000,0.0039190825,0.2301884618,0.0000000000,0.1759552764,0.0000000000,0.0006916028,0.0000000000,0.0000000000,0.0000000000,0.0000000000,0.0000000000,0.0196530459,0.0003458014,0.0008068699,0.0000000000,0.0000000000,0.0000000000,0.5676906230,0.0000000000,0.0000000000,0.0000000000,0.0000000000,0.0007492364,0.0000000000,1
SRR5224674,0.0000000000,0.0000000000,0.0386258661,0.2572748268,0.0006351039,0.2870669746,0.0006351039,0.0080831409,0.0000000000,0.0000000000,0.0000000000,0.0000000000,0.0009237875,0.0017898383,0.0019630485,0.1055427252,0.0000000000,0.0019053118,0.0000000000,0.2606812933,0.0000000000,0.0000000000,0.0016166282,0.0000000000,0.0332563510,0.0000000000,0
SRR5224675,0.0002310403,0.0000000000,0.0825391324,0.1873158898,0.0007508808,0.1570496159,0.0006931208,0.0400277248,0.0025414428,0.0000000000,0.0026569630,0.0000000000,0.0008664010,0.2330618610,0.0149598568,0.0600704673,0.0053139260,0.0044475250,0.0007508808,0.1747241957,0.0000000000,0.0001732802,0.0003465604,0.0000000000,0.0314792353,0.0000000000,1
SRR5224676,0.0000000000,0.0000000000,0.2009682439,0.1342862083,0.0000000000,0.0275488444,0.0009797706,0.0199988473,0.0000000000,0.0000000000,0.0047259524,0.0004034350,0.0006916028,0.3090311798,0.0436862429,0.0076076307,0.0061667915,0.0020171748,0.0003458014,0.2150308340,0.0000000000,0.0013832056,0.0000000000,0.0002305343,0.0248977004,0.0000000000,0
SRR5224678,0.000000000,0.000000000,0.034810674,0.258659443,0.000000000,0.293758285,0.001037404,0.010719843,0.000000000,0.000000000,0.000000000,0.000000000,0.000000000,0.000000000,0.000000000,0.022707625,0.000000000,0.008875569,0.000000000,0.349951011,0.000000000,0.000000000,0.000000000,0.000000000,0.019480145,0.000000000,0
SRR5224679,0.0000000000,0.0000000000,0.1469112303,0.1941512372,0.0000000000,0.0723308531,0.0002307204,0.0345503836,0.0016150430,0.0000000000,0.0025956048,0.0000000000,0.0031724058,0.1522178001,0.0128049836,0.0281478918,0.0042683279,0.0009228817,0.0030570456,0.3087616081,0.0005191210,0.0000000000,0.0000000000,0.0000000000,0.0337428621,0.0000000000,1
SRR5224680,0.0000000000,0.0000000000,0.1320961328,0.2976197337,0.0018442741,0.1818915336,0.0028240447,0.0077228978,0.0000000000,0.0000000000,0.0000000000,0.0000000000,0.0018442741,0.0098553397,0.0161950320,0.0096824391,0.0051293874,0.0033427468,0.0005763357,0.2972739323,0.0000000000,0.0000000000,0.0000000000,0.0000000000,0.0321018961,0.0000000000,1
SRR5224681,0.000000000,0.000000000,0.049449599,0.563713907,0.000000000,0.095729353,0.001095038,0.013198087,0.000000000,0.000000000,0.000000000,0.000000000,0.000000000,0.006339692,0.001613740,0.002247709,0.000000000,0.001210305,0.000000000,0.251858682,0.000000000,0.000000000,0.000000000,0.000000000,0.013543888,0.000000000,1
SRR5224682,0.0005771006,0.0000000000,0.1826523546,0.1578947368,0.0005193906,0.0620960295,0.0020198523,0.0225069252,0.0002308403,0.0004039705,0.0001731302,0.0001731302,0.0000000000,0.3505886427,0.0178901200,0.0172553093,0.0078485688,0.0061172669,0.0025969529,0.1325600185,0.0000000000,0.0004616805,0.0001154201,0.0001731302,0.0351454294,0.0000000000,0
SRR5224683,0.0000000000,0.0000000000,0.2220044954,0.0652988300,0.0007492364,0.2044838914,0.0000000000,0.0095095384,0.0000000000,0.0000000000,0.0000000000,0.0000000000,0.0004034350,0.0477782260,0.0179240390,0.0492190652,0.0055904559,0.0028240447,0.0069736615,0.3119128580,0.0000000000,0.0000000000,0.0004610685,0.0000000000,0.0548671546,0.0000000000,0
SRR5224685,0.0004038306,0.0000000000,0.1342448367,0.1792431060,0.0006922811,0.0760355371,0.0008653513,0.0477673936,0.0017883928,0.0000000000,0.0017307027,0.0000000000,0.0009807315,0.2746048229,0.0234221761,0.0337487020,0.0075574016,0.0016730126,0.0054228684,0.1855313257,0.0000000000,0.0004615207,0.0000000000,0.0000000000,0.0238260067,0.0000000000,1
SRR5224688,2.305343e-04,0.000000e+00,1.466774e-01,1.587805e-01,6.916028e-04,7.077402e-02,1.095038e-03,1.688663e-02,0.000000e+00,5.763357e-05,1.152671e-04,1.729007e-04,0.000000e+00,2.644804e-01,3.164083e-02,2.368740e-02,6.339692e-03,5.359922e-03,3.112213e-03,2.322056e-01,0.000000e+00,0.000000e+00,1.095038e-03,0.000000e+00,3.659731e-02,0.000000e+00,0
SRR5224689,0.0000000000,0.0000000000,0.0920149899,0.0422023638,0.0018449121,0.4619198616,0.0015566446,0.0047275872,0.0005188815,0.0000000000,0.0000000000,0.0003459210,0.0000000000,0.0144133756,0.0095704814,0.0232343615,0.0043816662,0.0039780917,0.0013836841,0.3104064572,0.0000000000,0.0000000000,0.0000000000,0.0000000000,0.0275007207,0.0000000000,0
SRR5224691,0.0000000000,0.0000000000,0.1523534508,0.1745885071,0.0008085475,0.0649148137,0.0043315045,0.0708056598,0.0052555588,0.0001732602,0.0042159977,0.0001732602,0.0025411493,0.1483107133,0.0252959861,0.0516892867,0.0058330927,0.0028876697,0.0040427375,0.2423332371,0.0000000000,0.0000000000,0.0000000000,0.0000000000,0.0394455674,0.0000000000,1
SRR5224692,0.0000000000,0.0000000000,0.1729371033,0.1169070975,0.0019619158,0.1669359492,0.0043277553,0.0239469129,0.0007501443,0.0000000000,0.0033467975,0.0008655511,0.0009809579,0.0702250433,0.0189844201,0.0156376226,0.0080784766,0.0060011541,0.0020196192,0.3361223312,0.0000000000,0.0000000000,0.0000000000,0.0000000000,0.0499711483,0.0000000000,1
SRR5224694,0.0015015882,0.0000000000,0.2494946578,0.1243430552,0.0031764366,0.0602367889,0.0083742420,0.0452209067,0.0023101357,0.0008663009,0.0014438348,0.0008085475,0.0003465204,0.1791510251,0.0307248051,0.0276638753,0.0075079411,0.0138030609,0.0057753393,0.1948021946,0.0000000000,0.0027144095,0.0013860814,0.0000000000,0.0379439792,0.0004042738,0
